20554
21847
14916
33895
18848
60282
55767
65232
65530
39539
32482
31075
27008
28456
9049
56718
25305
12170
8292
12469
19597
16910
17014
59001
38410
13241
39489
42501
47347
38595
2723
57982
18804
49390
5629
60958
1071
14369
45406
57128
46567
497
23046
37800
40151
14338
29666
57248
28026
9160
11859
57020
32103
10226
6646
2334
7176
6605
65106
63754
50093
39039
52234
22179
21287
59448
9961
38550
49586
56282
36356
47660
59885
11533
44700
2379
56892
4348
45931
29608
20057
60316
7452
27629
33847
19582
52448
20594
25423
13062
50891
57124
12718
19673
57853
30737
11105
5245
10235
43429
28711
34754
17949
25979
36320
33322
56065
27331
8568
34504
63904
44589
63730
7159
19273
29910
5496
31101
21667
17085
32927
41884
34588
54099
19999
39873
43858
59086
24603
52659
30906
30336
45295
36600
46909
47230
28604
27072
24301
32027
9673
3398
54362
49597
14170
26453
37981
39522
19578
28198
35744
47135
49688
4821
37915
9550
936
19421
30819
16921
15812
120
45381
29688
62699
14766
20702
21189
48469
32910
9921
50293
15161
58071
48527
28561
11066
9261
64346
6810
503
6827
46677
64881
38261
52662
46532
10371
44111
24154
20346
1420
33467
1274
868
36289
44439
2364
15371
15213
60696
51919
17358
30604
48380
1196
52790
28973
54213
62564
25165
62060
30640
3278
59781
4139
4930
10938
34316
3101
54857
48067
11832
40766
22474
1778
59535
15025
4894
27953
40972
55678
35776
26727
37276
23609
49349
46108
11830
23298
6328
3521
52955
2153
55557
36208
52582
29503
44825
44670
64680
56321
32223
45519
18433
16100
3483
20113
40182
56324
65405
26983
33802
50512
28437
18969
51261
3313
31524
3314
49484
30738
55886
41821
48069
57477
4241
61223
15811
7428
36060
29047
42964
10962
15424
49716
49512
56820
7995
60019
59278
58779
24211
44307
52675
62189
52641
26554
31629
10054
55519
11460
37112
7823
34366
61459
63349
22752
29378
36299
18225
65039
64237
18083
4640
58614
60253
17016
26772
198
63883
14993
44827
20289
45892
39637
56618
46450
47983
63324
34690
58223
52555
27454
29540
64897
45493
25080
36745
61314
48502
65291
304
41243
37228
9018
54587
52372
16069
19654
60078
45240
1984
56373
56376
52973
12686
49615
17685
7022
35774
9609
26997
38084
54693
9083
28498
58211
14414
26310
18780
4383
60562
62464
50519
25578
30315
18272
55738
7830
53629
33212
1608
12108
34009
30440
2144
23552
60835
18357
8427
9293
38853
52847
1643
37700
12657
36436
23810
32201
24587
22866
10128
61657
25501
19388
17283
51491
18221
42970
17381
57519
10459
6977
15052
57937
37405
60008
31230
31629
40966
50141
34630
20143
60002
47124
24159
3604
20430
11697
17438
37376
33364
4094
31895
26881
60505
55006
62202
25403
9823
6333
36221
22617
11359
53330
29920
63739
4752
23959
60783
54678
32416
2899
39332
65489
20700
52615
44174
18180
61906
18651
63140
11955
47595
35883
2622
25819
2656
19492
24730
55376
28497
47391
19594
10968
37518
2524
14291
18960
52082
44656
43795
37713
43744
28138
45325
17389
20634
56085
29884
46862
33256
63954
26831
22150
5611
19112
44601
21343
9148
60924
55809
32529
36398
8141
10019
42556
49866
59523
50183
60162
18871
49909
27219
1639
46289
58448
10174
26525
33247
19318
64902
39897
8227
19352
17923
41922
53695
46377
7080
8954
65151
24854
62901
5274
32059
51450
29754
45926
44080
39807
47708
19
3200
15141
33194
6458
45878
44829
16340
59964
53118
26115
47012
28221
58269
59788
17076
25837
4637
13491
8615
18003
4961
13303
30803
2907
26383
17650
2403
61700
4463
34918
48279
17785
29845
1003
58292
2084
28833
59111
42741
18758
7069
36327
4664
49603
53456
57266
43860
45684
42750
25876
65233
16903
13656
38796
5814
62201
60873
42954
46495
30618
51618
50178
35534
53630
63713
19218
26932
58298
11665
32084
5881
9407
51559
594
15383
3366
1263
60429
45113
64840
21149
59729
16850
17266
3633
51383
38175
31022
38735
47639
59687
50813
30250
23587
7634
36772
8171
21560
59421
23565
30600
12075
37783
15504
43979
40870
21008
56279
38465
57582
61064
38529
5484
24859
46827
16493
61484
43752
50019
33707
56968
27289
2613
23002
11657
62063
16025
62659
48719
44730
38816
21743
38187
59239
50445
50924
55603
8624
31290
59521
43385
38981
46627
45059
65295
65339
57982
8209
31892
5034
54803
58108
27027
244
63185
27062
39740
10292
6824
27696
64058
19630
16692
49969
1875
4935
61385
40882
58434
26327
27710
41092
15381
63475
35979
22043
1113
16654
34969
27769
40796
18231
40102
7787
58624
37213
13205
20977
5270
23357
21883
64988
37858
64208
48799
21224
40753
26468
2324
53452
63881
13387
59038
36990
9137
34593
27859
57894
23106
18156
49532
3460
24501
9736
5283
55518
1040
12623
18300
9032
8853
13216
5874
44406
62207
47476
17666
22189
43358
38335
26814
62358
25156
64316
37118
14795
49766
5257
17538
26159
54757
19876
6954
35990
1452
35691
55756
20156
9706
27963
50346
56659
194
33429
38585
4750
31051
30333
64736
32736
44543
29908
38854
60218
60434
7945
52085
53508
61475
60880
11653
37266
53620
51429
18413
24923
5312
23824
62277
27853
8150
32570
32312
53647
37129
62017
42165
43447
39413
43079
26411
57323
17879
6061
48129
30744
46515
15476
60112
25990
39174
10197
58641
36514
5690
40631
55777
51083
39807
52128
32195
31
44151
50880
27386
44888
17553
1680
44648
24233
13854
18847
3919
45697
33893
22261
8396
9251
57533
61904
25054
61935
37047
30723
65426
22852
19343
1001
35712
40359
22560
17482
45746
32484
6
336
46414
47344
31129
61185
49506
53088
48723
46772
2616
28900
30461
19206
23726
2117
43098
43065
22460
54692
6849
7841
22931
3734
27347
31110
38187
52416
12828
37721
52320
59992
395
50217
30689
41343
52815
43385
2725
51269
39175
60167
49756
44579
14562
14079
37894
60101
23807
56768
11036
14161
42990
25127
17835
46480
47210
27458
36788
47413
35013
47046
18216
18848
43288
46845
42878
37909
59564
63000
21268
31047
19981
41056
37067
15455
7265
25813
22709
13983
50472
28834
25234
53355
18589
7058
63330
166
49589
61171
25576
15480
55016
59332
65433
15791
769
3998
43475
58285
13136
39944
63706
58374
63251
52924
41778
6925
26855
29284
42693
19442
